Start: 2025-08-25 12:33:06.102800
End: 2025-08-25 12:33:06.106893
Diff: 0:00:00.004093

