Start: 2025-02-14 15:55:22.775267
End: 2025-02-14 16:13:41.098929
Diff: 0:18:18.323662

Start: 2025-03-23 02:53:40.766536
End: 2025-03-23 12:33:20.293296
Diff: 9:39:39.526760

Start: 2025-08-25 11:53:23.547192
End: 2025-08-25 12:06:42.604297
Diff: 0:13:19.057105

